; Depth Map Surface Transform
; Line 1 of 7
0.04062
0.04062
0.04062
0.04062
0.04062
0.04062
0.04062
; Line 2 of 7
0.03880
-0.04062
-0.13438
-0.06875
-0.01562
0.02187
-0.20317
; Line 3 of 7
0.00129
-0.00625
-0.07500
-0.03438
-0.01250
0.00313
-0.07609
; Line 4 of 7
0.02500
-0.11250
-0.04062
0.00000
0.00938
0.00313
-0.01250
; Line 5 of 7
-0.00087
0.04062
-0.06250
0.00625
0.01562
0.04688
-0.08515
; Line 6 of 7
-0.29748
-0.00625
-0.08125
-0.00938
0.02500
0.11250
-0.28463
; Line 7 of 7
0.01250
0.01250
0.01250
0.01250
0.01250
0.01250
0.01250
